arm_retracted_offset: 0.0020925825673401488
pan_angle_offset: 0.06466377137567426
pan_looked_left_offset: -0.004609272691478468
tilt_angle_backlash_transition: -0.4
tilt_angle_offset: 0.007562477774919232
tilt_looking_up_offset: -0.0066438764998532265
